function flight_data = get_flight_data()
    flight_data =  [-0.0334,-0.0103,0.0083; % roll
                    -0.099,-0.0889,-0.0793; % pitch
                    2.2787,2.2791,2.2797]; % yaw
end